1.0 1.9979662527568745
1.0 2.000026305125773
1.54276315775 2.0000263051257927
1.0 2.0000910567714576
1.0 2.000320192934701
1.0 2.000721144010766
1.0 2.00162136752185
1.0 2.00243011617885
1.0889645115435098 2.108904808997564
1.2156862738823528 2.216585330150151
1.289473684 2.3838952104637534
1.4571428576380951 2.69355087084876
1.5034965037762238 2.888751429830069
1.5355742296658823 3.0331335124357204
2.147058823625 3.146373121025751
1.8905271194303284 3.1594418220187355
1.9941176466 3.508160707242175
2.1655317295337877 3.73657613153254
2.5882352939 3.885738554508145
1.4705882355475113 4.346303002704922
2.50274725265 4.686908336077352
2.5380653831974924 4.975902329156316
3.564615384417949 5.151297024303584
2.882352942 5.1888383510762255
2.5583333335 5.202191416192614
2.857142858 5.4388416522107255
3.565934067 5.800970069718494
3.5999999990000005 6.098908881858162
3.4593301430000003 6.1580783281589095
3.842593474617492 6.295764587795794
4.199999998999999 7.741387785722141
4.721052632 9.481535839824298
1.0 1.0000000067701484
1.0 1.0000000069595891
1.0 1.000000007874857
1.0 1.00000001021387
1.0 1.0000000312660602
1.0 1.0000000312660606
1.0 1.0000002290763077
1.0 1.0000009124860705
1.0 1.000002857884789
1.0 1.0935075106670034
1.181818181896104 1.181828810177635
1.52173912989441 1.5217696158484346
1.0 1.6558710505224
2.958333333357143 3.049248579906438
5.426316721489535 6.531903819922416
6.009234038000001 6.851089264924799
1.1904761906520147 1.1904784937613395
2.1267857144190474 2.1267931753397304
1.0 1.9997533686683893
1.0 1.9999550219005795
1.0 1.99995502190058
1.0 1.9999962859555496
1.0 1.999996285955552
1.0 1.999996285955562
1.0 1.999996285955592
1.0 1.9999962859556764
1.0 2.000026305125774
1.0 2.00002630512578
1.0 2.0000263051257803
1.0 2.000026305126261
1.0 2.000055394208205
1.0 2.000055394208212
1.0 2.000091056771389
1.0 2.000091056771392
1.0 2.000140562414705
1.0 2.0002128204971323
1.0 2.000320192934647
1.0 2.0003201929346504
1.0 2.0004807112610115
1.0 2.0007211440108006
1.0 2.000721144011352
1.0 2.001081452716729
1.0 2.001621367522322
1.0 2.0024301161790103
1.0 2.0024301161793185
1.0 2.00364077110324
1.0 2.0036407711036515
1.0 2.01218233347539
1.153846154 2.153851427233993
1.1874999998125 2.1885814541133923
1.4225 2.424930120879732
1.0 2.59835950908838
1.0 1.0002336395445233
1.0 1.0002336395445297
1.0 1.0004671747331897
1.2977941178124999 1.2977950479179343
1.0 1.714519517170428
4.6409646735573125 10.108761970626638
1.0 1.000116831336132
1.0 1.0001168313361342
1.0 1.0002336395449771
1.0 1.6568841626912532
1.0 1.656884162691309
1.0 1.8844983430804625
1.0 1.968386416494569
1.0 1.991905642278191
1.0 1.995937474768056
1.0 1.9979662527568685
1.0 1.9999550219006177
1.0 1.99995502190066
1.0 1.999996285955573
1.0 2.000026305125779
1.0 2.00032019293466
1.0631578950491227 2.063581729585588
1.1619433201619433 2.162083892158179
1.1648351651648352 2.165155363253243
1.0 2.2498851291524864
1.2857142860000002 2.2864356907211003
1.0 2.350091376391517
1.0 2.5563464303245804
1.5625 2.563222170429547
1.4375 2.606041044307175
1.6666666669999999 2.668292901703222
1.609203296209478 3.0112421951584905
1.555555556 3.4900156058878
1.6666666669999999 3.880742016954893
1.0 1.029044705602833
1.0 1.1068670804570653
1.0 1.1930983190783142
1.0 1.1930983190785978
1.0 1.1930983190787807
1.0 1.3236922305275631
1.0 1.3236922305276038
1.0 1.656884162691271
1.692307692 1.72135271375922
1.14338235275 1.765452354177232
1.0 1.7929150943367234
1.0 1.884498343080812
1.0 1.9683864164945652
1.0 1.9839398277944769
1.0 1.9959374747680407
1.0 1.9959374747680456
1.0 1.997966252756867
1.0 1.9979662527568736
1.0 1.9989845654762748
1.0 1.999495735258827
1.0 1.9994957352588296
1.0 1.9994957352588507
1.0 1.999753368668362
1.0 1.999753368668401
1.1468531468741259 2.1448365566803727
1.3666666664375 2.365651243378048
1.73142857136 2.7060024923917925
1.2924538909309942 3.292283511578161
1.0 1.0037252557697525
1.0 1.0074228666977203
1.0 1.0074228666977325
1.0 1.1912252618196428
1.0 1.5263384630269836
1.2637362638021978 1.551519616740746
2.735944055364303 2.7685653236584367
2.610389613311688 3.1468040592824376
2.767816092591954 3.4183304929667733
5.128252612634569 5.527900386413731
7.180952382233333 9.070243381888735
19.419182507071984 25.37750270726612
20.09343500050996 27.200864641024072
24.973209792745852 34.86553259585965
22.57305765086015 34.960343618653035
38.148236970594986 47.34269383253014
33.435447934818875 47.37014811365
1.311688311948052 1.3117478676789778
4.94586296045042 4.992557557072377
6.96168145512709 6.4323143020513065
6.779272782632019 7.392012846405335
1.8158508158167832 2.064743538342639
1.0 1.0000146030957098
7.174859453366031 9.268967728750807
8.072055323914835 12.345416924515856
2.0 1.000000031266087
2.0 1.0000000312660886
2.0 1.0000000591658498
2.5804576384246136 1.5982480407085955
2.619047619 1.619048215138387
2.4 1.796762263945172
4.3928853751875 3.960851716674845
3.91785714295 3.974684601924209
1.0 0.9993617500638
1.0 0.999959055381482
1.0 0.9999998436930742
1.0 0.9999998436930744
1.0 0.9999998436930856
1.0 1.0000000007288188
1.0 1.0000000007288217
1.0 1.00000000072883
1.0 1.0000000007288483
1.0 1.000000006770143
1.0 1.0000000067701695
1.0 1.0000000073576794
1.0 1.0000000084466785
1.0 1.0000000084478708
1.0 1.0000000090467285
1.0 1.000000010213829
1.0 1.0000000102138302
1.0779220780779222 1.0779220944433878
2.411764706 2.411047772382151
1.857142857 2.787447113301858
1.0 1.0000000592760925
1.0 1.000000115593246
1.0 1.0000001155932552
1.0 1.0000292080509945
1.0 1.0001168313627824
1.0 1.0009339185818624
1.0 1.0018661004130809
1.0 1.0018661004130924
1.0 1.0074228666977212
1.2363636366909092 1.2377113264822766
1.0 1.3179275105322286
1.3175824173642856 1.4284304540394208
1.428571429 1.4295053510910818
1.0 1.5253093693007644
1.0 1.5490649417436146
1.5546218490504202 1.5555557721736617
1.6285714288 1.637834396230699
1.0 1.6753336006404094
1.6874999996875 1.687500099530223
1.0 1.7589797444123871
1.857142857 1.8580767851186248
1.8392857141875 2.1063398020323727
2.0871230841070503 2.7662047056183434
3.0720125872275634 4.451329829430578
4.253874289582157 8.09954945885829
4.737847350844824 9.59001589499507
20.01556619492583 29.77226136936471
28.997006366154046 40.82893749452237
1.0 1.0000000081884846
1.0 1.0000000591657774
1.0 1.000000229076247
1.0 1.0000004566702878
1.0 1.0000009124861209
1.0 1.0000018247444868
1.0 1.0000146030957289
1.0 1.0004671747331948
1.0 1.000467174737973
1.0 1.193098319078267
1.0 1.3236922305275771
1.0 1.3236922305276568
1.0 1.6568841626913071
1.0 1.792915094336384
1.9 1.900119751298271
1.0 1.9387098109186875
2.0828431367915035 2.1505286373694568
2.5050167198996656 2.2276398383331126
1.14823529392 2.7321447700792865
2.7405635298749997 2.8835615861058126
5.423076916 4.935891900330066
6.6333333316 5.666105078461397
7.499487178661537 6.201881896804605
9.97 9.002598610379978
21.807619044532064 20.09205397585796
23.72055137801504 20.2556593721219
1.0 1.0000002290762984
1.0 1.0000002290767505
1.0 1.000000456670296
1.0 1.0000018247444542
1.0 1.0000018247444589
1.0 1.00000364988429
1.0 1.0000036498843077
1.0 1.0000036498843694
1.0 1.0000073007721102
1.0 1.000029208050997
1.0 1.0000584173097182
1.0 1.0000584173097185
1.0 1.00005841730972
1.75 1.750005591172346
1.0 6.818885425528396e-14
1.0 4.3077044339199836e-13
1.0 7.580460965378245e-12
1.0 7.581268961712737e-12
1.0 7.5817702235535e-12
1.0 7.582327763746175e-12
1.0 7.585284072195128e-12
1.0 1.1819572467606371e-10
1.0 1.181971528578367e-10
1.0 1.1820834861983557e-10
1.0 1.1821663464763764e-10
1.0 1.182195916555763e-10
1.0 1.8429567563257206e-09
1.0 1.8429625477758166e-09
1.0 2.873706900302053e-08
1.0 4.480859758303836e-07
1.0 6.571854645035962e-07
1.0 6.98673523634711e-06
1.0 6.98673524170531e-06
1.0 6.986740289500605e-06
1.0 0.0001089308102783
1.0 0.000108930812509
1.0 0.0001089314553455
1.0 0.1620580080291351
1.22058823525 0.2205960271067778
1.1379310347356322 0.2758531962043933
1.0 0.3529824112883188
1.2181818184 0.4461091686427483
1.4499999998 0.4500008584996446
1.0 0.5002405741018351
1.136363636 0.5754936842446766
1.0 0.6605581586429244
1.5333333329999999 0.8263584984053468
1.8399999999999999 0.8400001942670146
1.4004329004999998 1.013664588809544
2.021533613875 1.1277707298690134
1.621848739012605 1.8717266551368532
1.0 2.1494268444372526
1.6031746031111112 5.644268831650213
1.9213777623855282 7.342482786974304
2.1406162455170867 8.453070181992214
2.0535714290000002 9.350350056473951
2.1644308628953404 11.493611786452911
1.6071428567 23.37307783685375
1.0 24.964159868083843
29.505579350499996 49.16400034628045
1.0 1.000058417309741
1.0 1.0000584173097804
1.0 1.0002336395445537
1.0 1.000467174733207
1.0 1.0009339185812511
1.0 1.000933918581259
1.0 1.001866100413089
1.0 1.056449850764281
1.0 1.1068670804570686
1.0 1.1068670804570693
1.0 1.106867080457071
1.0 1.193098319078261
1.0 1.193098319078264
1.0 1.1930983190782811
1.0 1.3236922305275491
1.0 1.3236922305275534
1.3021978026098902 1.409064886429818
1.0 1.4890747868951393
1.0 1.4890747868951475
1.0 1.79291509433638
1.0 1.8844983430804492
1.0 1.9683864164945493
1.1921182269458128 2.25695983451667
1.843167701625 2.3322430289993656
1.0 1.000933918581248
1.0 1.0009339185812949
1.0 1.0037252557697778
1.0 1.029044705603133
1.0 1.056449850764276
1.0 1.1068670804570635
1.0 1.1068670804570682
1.0 1.1930983190782716
1.28846153875 1.2892334764911697
1.0 1.6568841626912698
1.2647058825 1.7537807300329646
1.6400000000000001 2.5078042659286965
2.7333333325 3.687992501807169
1.9375 4.343588948828704
1.0 4.63064423012391
60.6747399582047 92.84584131492132
2.369924813369925 2.910410378673446
3.288888889811111 3.3558966162151305
4.0 5.1029163864242495
3.913165265 5.398391813539774
4.48695652157971 5.5898730921866
5.228571428657143 6.193350309797441
5.25158371040724 6.216362605348828
5.0 6.612776500531808
8.723030304836017 9.968519624296672
1.0 1.000000007033577
1.0 1.000000007033787
1.0 1.0000000096583164
1.0 1.0000000111263825
1.0 1.000000011126383
1.058823529 1.0588243961946644
1.09821428575 1.0982171625865236
1.1262626262121211 1.1262626369302104
1.0748663102299465 1.4079219837049295
1.4124999998124999 1.4185787533594263
1.05 1.4471410239315892
1.0 1.5454545646750897
1.8 1.8000233732109543
1.346153846 1.925224505267919
1.0 1.9744367674040928
1.3333333330000001 2.0290456260120666
1.9653846152 2.49500474138422
2.7589743589589744 2.758974596086348
2.1515837104072397 2.797900578913052
3.576121583011888 3.5763020037433897
1.8333333330000001 3.998878291435601
9.886991766690908 16.775476288458357
1.0 1.0000000070335733
1.0 1.0000000073580968
1.0 1.000000008188488
1.0 1.0000000111263831
1.0 1.0000000312660584
1.0 1.0000000312660613
1.0 1.000000031266093
1.0 1.000003649884465
1.0 1.0000146030956774
1.0 1.000029208050989
1.0 1.00005841730972
1.0 1.0000584173097262
1.0 1.0002336395445268
1.068181818 1.0691866286533982
1.357142857 1.3584751302331526
1.3733333332 1.3737413846448503
1.4620950549228262 1.4624075378948134
1.5238095236739926 1.525761760610369
1.733333333 1.7340183222192116
1.815476190875 1.815676443052212
1.8888553711107927 1.889740286053495
4.438095238000001 5.8711289663261645
1.0 1.000000007033633
1.0 1.000000008188512
1.0 1.0000000081885367
1.0 1.0000000084466631
1.0 1.0000000096581825
1.0 1.0000000102138584
1.0 1.000000010213866
1.0 1.0000000102138829
1.0 1.0000000102144095
1.0 1.000000010221414
1.0 1.0000000102377269
1.0 1.000000010237752
1.0 1.0000000102379256
1.0 1.0000000176302462
1.0 1.0000000591657745
1.0 1.0000009124862108
1.175 1.1750000096314497
1.176470588 1.176470597687926
1.2637362639560439 1.2639825823673376
1.476190476 1.4762183040042258
1.5439560439120878 1.6489930729100282
1.0 1.695652189131109
1.7 1.700000051629878
1.7017543856566417 1.7017544374170994
1.75 2.2500703062389635
2.3284221528 2.407749151972883
2.447837619448939 2.4653824657335943
1.866666666757143 2.552255759387108
1.0 1.0000000081884977
1.0 1.000000031266067
1.0 1.0000000312660782
1.0 1.0000036498842844
1.0 1.0000036498843188
1.0 1.0000146030957024
1.1098039216941176 1.1764403912243415
1.0 1.6047384930080202
2.2 2.200007371771
5.649336080453845 8.510393795327055
10.92698412551111 24.88923636683906
11.0 27.75811110811059
13.72481203 29.171394967094745
14.008333333875001 29.261942722814336
14.910714285000001 31.444381154722688
14.860000000000001 31.606730456450784
14.563025210000001 31.765910343648496
14.925465840701865 32.23585210476512
15.285714286 32.9722161249807
16.0 33.28934706966567
15.611111111 33.63872750546107
15.730650155000001 33.75674887068582
2.0 1.991905642278182
2.0 1.9994957352588385
2.0 1.9997533686683768
2.0 2.00021282049714
2.0 2.000212820497699
2.0 2.065270429398855
2.03571428575 2.070390571717025
2.401785714125 2.401914317937522
2.727272727 2.727159069071763
2.866666667 2.866553263430083
3.2133333330999996 4.406220860953844
32.93865180542532 34.22744165551439
1.0 1.0000004566702962
1.0 1.0000146030957051
1.0 1.0000146030957056
1.0 1.0000146030957058
1.0 1.0000584173097222
1.6622073574749163 1.2095585028599845
1.2 1.7488501292027656
1.3021978026098902 1.7978117195772394
1.0 1.8069488623923835
1.0 1.9421108193885728
1.0 2.039633326231074
1.0 2.24016816814758
1.0 2.5161721810043898
1.4897959179183673 2.771513697580611
2.0 1.5000000468991466
2.0 1.9387098109187344
2.0 1.9959374747680243
2.0 2.0000263051257794
2.0 2.0000553942082075
2.0 2.000055394208208
2.0 2.000055394208209
2.0 2.000055394208219
2.0 2.0003201929351406
2.0 2.1333334034209126
2.176470588 2.144857085083412
2.0 2.155581931674485
2.465838509099379 2.461830408402841
2.423529412 2.7149952073901584
2.815584416 2.783971204947715
2.857142857 2.8572983923534543
5.010025062015038 5.9955016152752085
2.2362967918360392 2.407908543365738
9.6718099495 10.081287690658291
12.78105461646902 13.753263590190818
12.172316819999999 15.165611699533727
1.0 1.9919056422781785
1.0 1.991905642278179
1.0 1.9959374747680256
1.0 1.997966252756907
1.0 1.9989845654763347
2.5882352920000002 1.9994957352588263
1.0 1.9994957352588605
1.0 1.999885014985444
1.0 1.9998850369600027
1.0 1.9999550342162955
1.0 2.0000263051257825
1.0 2.0000263051262808
1.0 2.000091056771428
1.0 2.000140562414696
1.0 2.000140562414702
1.0 2.0001405624147024
1.0 2.0002128204971314
1.0 2.0002128204971363
1.0 2.000212820497165
1.0 2.00021282049744
1.0 2.000320192934687
1.0 2.0003201929350505
1.0 2.0003201938128297
1.0 2.0004807112608525
1.0 2.0004807112608534
1.0 2.0010814527166354
1.0 2.0010814527166363
1.0 2.001081452716681
1.0 2.298976629177498
2.0 2.8438672241477816
2.0 2.9241558226723057
2.0 2.978394417591932
2.0 2.990112352583374
2.533333333 3.461448017908579
8.650822103011908 18.55034749608867
19.52839122557152 41.20163381090988
3.0 2.9766645622201087
3.0 2.9846288963964747
3.8 4.450149676938342
13.8963188366971 15.917839345015016
1.0 1.0000002290762695
1.0 1.0000004566702974
1.0 1.0000018262079844
1.0 1.0000036498842908
1.0 1.0002336396034202
1.0 1.000467174733197
1.0 1.000467174737519
1.0 1.0037252557697565
1.0 1.0037252557697809
1.0 1.0074228666977163
1.0 1.0147363551906026
1.0 1.1068670804570744
1.0 1.3236922305275804
1.0 1.656884162691249
1.8109040715079365 1.830315763497793
1.857142858 1.8570972285974288
1.875 1.874956994828005
1.35 2.0133427810353357
2.0 2.9978035751811367
1.0 1.0074228666977871
1.0 1.0080733859558586
1.0 1.0147363551910922
1.0 1.029044705602872
1.0 1.056449850764288
1.0 1.968386416494516
1.0 1.9683864164945772
1.0 1.983939827794436
1.050980391819608 1.9896902027755088
1.0 1.997966252756875
1.0 1.9989845654762768
1.0 1.9989845654762928
1.0 1.9994957352588456
1.0 1.9994957352592104
1.0 1.9994957352592304
1.0 1.999885014984898
1.0 1.9998850149849117
1.0 1.9998850149849372
1.0 1.9998850149851823
1.0 1.9998850149853675
1.0 1.9999550219005635
1.0 1.9999550219005715
1.0 1.9999550219007507
1.0 1.999996285955582
1.0 1.999996285955592
1.0 1.9999962859556228
1.0 2.0000553942086934
1.0 2.000055394208702
1.0 2.0002128204971243
1.0 2.000212820497127
1.0 2.0002128204971363
1.0 2.0002128204971696
1.0 2.0003201929346464
1.0 2.00032019293465
1.033613445117647 2.0336724571370826
1.0 2.040852220735882
1.176470588 2.1765532685058786
1.4615384615 2.460523030379751
1.4615384616043956 2.4775108157892216
1.0 2.716971046205052
1.1333333332 2.838216581939773
1.0 2.9019440824164118
1.0 3.6442348190382616
1.9408568438683385 4.016104350309591
2.544966265237013 4.647245829333184
1.0 1.00000011559325
1.0 1.0000002290762695
1.0 1.000000456670295
1.0 1.0000004566702965
1.0 1.000000456670317
3.806662061362199 4.704051276767598
17.29436427996562 32.01357276919223
76.21418013949842 149.8162076274152
289.97533872736614 526.7649327197713
4.0 3.05868169922944
6.743166229218547 6.455563056148689
8.428571429 8.213284503891773
10.12440191297266 11.619809310419592
9.122510823006493 11.98950103272642
12.324166029299134 18.07344903179859
38.4637538335638 43.81681033499986
56.54737786326023 79.54907320329299
52.660355370875 80.27267785663075
114.05290085748 130.12521741452704
1.0 1.0004671747331837
1.0 1.007422866697719
1.0 1.0290447056028107
1.0 1.106867080457103
1.0 1.1930983190782911
1.3029411764500003 1.357520791588274
1.4126984126920634 1.4131655906750162
1.1008403361008403 3.2185217845095915
2.843293807175758 3.2838048805233777
3.3280374710267004 3.907901407340126
9.50337822145832 14.650162125905425
1.0 1.0000000081885074
1.0 1.00000001763025
1.0 1.00000001763025
1.0 1.0000000312660633
3.064479637474588 3.8426999940734303
6.436523809117142 10.825754056643689
28.0196328735106 44.24540126517083
38.69485337718401 48.19099814838268
40.23816251839565 49.65739654703865
1.0 1.0000036498842926
1.0 1.0000584173097282
1.0 1.000116831336136
1.0 1.0002336395445235
1.0 1.206912665600275
1.0 1.2272889893620589
1.0 1.350014643253321
4.063690476738481 4.07770179223226
4.380115122294279 4.748327659806294
1.0 1.0000000312660795
1.0 1.0000000591657765
1.0 1.0000000591657785
1.0 1.4285732223123622
1.442176870537415 1.4421771026072694
1.2166666667500001 1.4666740232254176
1.1058823528 1.915247775673853
1.173076923 2.173098512964514
2.0267857145 2.5267942593470547
1.6666666669999999 3.6564149260680825
1.947368421 4.097025696787516
5.775047911460504 10.75735424591167
18.74208160259771 24.6796520103154
1.0 1.0002336395445277
1.0 1.0002336395446108
1.0 1.0004671747332226
1.0 1.001866100413084
1.0 1.001866100413085
1.0 1.00372525576975
1.0 1.0037252557697525
1.0 1.0037252557697531
1.0 1.003725255769755
1.0 1.0037252557697551
1.0 1.003725255769769
1.0 1.003725255769931
1.0 1.0037252557699683
1.0 1.0037252557701386
1.0 1.0147363551905777
1.0 1.1068670804570933
1.0 1.1068670804571905
1.210526316 1.26206935437799
1.2380952385238095 1.2654058819486578
1.2521008398991598 1.281152909231576
1.297385620862745 1.3144066343244127
1.1758241758681318 1.3554110264945327
1.3760504199495798 1.3906318981003545
1.4615384615 1.517988315510603
1.3733333332 1.7254371676409077
1.0865384615 1.8929915242508024
1.9599999998041024 1.9747467340391
2.1233766230000004 2.18289982915904
1.0 2.426419895298087
1.65 2.523797704234187
1.0 1.0000000067701813
1.0 1.0000000067701948
1.0 1.0000000081884846
1.0 1.000000229077764
1.0 1.2341270570856973
1.0 1.000000456670783
1.0 1.0000146030956785
1.557112069 1.572689005417527
2.947555556591111 4.376950525756396
4.820762917025 5.59841401258584
3.401427739375 6.213379313838133
9.509869376295176 12.08245568228024
11.243868122099999 13.132240325858833
10.399999997 15.361994621407948
12.838095243999998 15.975440633086432
13.758482529916574 19.22760034875489
14.289322432470808 20.77063269737875
15.667123078451203 23.952823594576493
27.533682940660615 32.156290521162084
1.0 1.00000005916578
1.0 1.0000000591657976
1.0 1.0000004566702845
1.0 1.0000292080510378
1.0 1.001866100413082
1.0 1.003725255769753
1.0 1.0147363551905717
1.0 1.0290447056028065
1.0 1.056449850764268
1.0 1.0564498507642726
1.21153846175 1.47238673755288
1.531098901358022 1.53109991363921
1.5333333329999999 1.5480696918985546
1.582995951048583 1.5829961848986702
1.2051282047948717 1.6093662144932193
2.9067226896624647 3.4400592563520416
1.0 1.0000036498842924
1.0 1.0000036498843103
1.0 1.0000146030956722
1.0 1.0000292080510207
1.0 1.000058417309722
1.0 1.0000584173097238
1.0 1.0002336395445277
1.0 1.0004671747331868
1.0 1.0018661004130769
1.0 1.00742286673661
1.1224489798367348 1.1243293861277388
1.3714285716 1.375154505131985
1.571428571 1.5715456632906488
1.1855072466318841 1.7413947508590466
2.1184873953190477 2.118504365349848
1.8277310925 17.208836087683636
1.0 1.0000000591657752
1.0 1.0000073007720778
1.0 1.0000073007720789
1.133333333 1.13333619256549
1.0 1.175826001906246
1.2714932129638008 1.271494660552921
1.0 1.2916675813888645
1.45 1.4500140561090007
1.0 1.7499711190783984
1.9317226892686272 2.082726696542075
2.2888121402066326 2.328736815756482
1.3977272725 3.3876996755140567
1.0 3.806649409427335
1.6565126050378152 4.04026674871296
1.8807783878625 4.665646183799611
4.485294115 6.817837725746856
4.238273492269538 6.977996024297539
19.543916654215035 30.445909648551705
1.0 0.8590307897363509
1.0 1.0037252557697554
1.0 1.0074228666977123
1.0 1.1068670804570686
1.0571428570571428 1.164009950604281
1.0 1.4068676278804058
1.0 1.4890747868951255
1.0 1.5460401395057233
1.485294118 1.5921612038566706
1.0 1.656884162691254
1.0 1.6568841626914983
1.2422360247546584 1.7313112536686346
1.0 1.792915094336378
1.0 1.792915094336382
1.0 1.0000000591657798
1.0 1.0000000591679603
1.0 1.00000011559325
1.214285714125 1.2142859409237872
2.0 2.000000076796032
1.40816326507483 2.21498282077715
1.7999999999999998 2.4258376998981555
2.269940996 2.930353759411248
4.283609021669925 2.986641095066485
2.3466666658 3.54279768633207
3.763650793411111 4.868712481378401
3.2174459539027156 5.280527742829679
88.25896813178477 129.90493666241
1.0 2.000026305125862
1.0 2.0000910567718706
7.673290600392858 14.094085810975264
1.0 1.000000011126413
1.0 1.0000000312660584
1.0 1.0000009124860625
1.0 1.0001168313361302
1.0 1.0001168313361315
1.0 1.000116831336422
1.0 1.000233639544556
1.0 1.001866100413078
1.0 1.0074228666977278
1.1384615384 1.1384652046439814
1.1992337164386973 1.206656628776129
1.1260504199495798 1.2088509512852224
1.2333333335 1.2333342994373384
1.27857142885 1.2859943277487025
1.5882352942941176 1.5969037455601751
1.789473684 1.7894738065238849
2.0 2.0004676314034726
2.185185185164021 2.1856551797674224
2.0 2.214310763603485
1.857142857 2.233674661581052
1.0 1.0000000067701726
1.0 1.0000000067701862
1.0 1.0000000081884868
1.0 1.000000008188487
1.0 1.0000000312660935
1.0 1.000001824744464
1.0 1.000003649972934
1.0 1.0000146030956705
1.0 1.0000146030956718
1.1904761904761905 1.1904907950719557
1.3333333337948718 1.3689557051229246
1.1318681321318682 1.5501190503151672
1.0 1.0000000090466965
1.650721826250018 1.6570624478719458
1.1269841267301588 2.12792695171003
1.470588236 2.677408492248759
2.75 3.650103498510699
2.8499999999999996 3.8703036621506457
5.127148500719975 7.714677302435973
55.150869557326835 76.15289619755649
2.3908200507854254 3.266766829008385
3.2029284443682706 3.4593403578657225
7.668923723961903 9.250335660518427
1.0 1.0018661004130924
1.0 1.0018661004132212
1.0 1.0037252557697571
1.0 1.0037252557697578
1.0 1.0037252557697582
1.2030303025 1.2855351797509582
1.5333333336 1.6402315699556154
1.0 1.656884162691739
1.0 1.938709810919148
1.0 1.9470694223890384
1.0 1.9683864164945155
1.0 1.9683864164945264
1.0 2.000935989916375
1.936079328771167 2.043001092464344
1.941176471 2.909672846399175
3.0 3.403635595088717
3.0454545470000003 3.4797685351338594
3.458974357396474 4.163896109549725
4.676470588 5.702664237082835
1.0 1.0004671747332468
1.0 1.003725255770253
1.0 1.0147363551906086
1.2509803918431373 1.3846690140284614
1.5294117649999999 1.586356043248741
1.6285714288 1.7357321619465964
1.0 1.938709810918706
1.0 1.9683864164945168
1.0 1.9683864164947744
1.913043478 1.9711971595757236
1.0 1.9839398277944191
1.2000000003428573 2.281754785684007
2.285714286 2.3179902921704767
1.2608695652 2.32925084443078
1.5714285713749998 2.7040951082822424
1.0 2.8326571628499395
2.0 2.890262971103373
2.0 2.9846288963962637
2.428571429 3.021774340066905
1.879411765 3.0229723694870203
2.384615385 3.317775091918993
1.8584107325929824 3.5615371534215408
2.704111744812709 3.673035562047244
2.846153846 3.840092148560279
2.642857143 3.8891167876687422
2.9 3.896687989333476
2.933333333 3.9179622846176514
3.087073575926646 4.784977359977382
2.9027354483603824 4.89627856834546
3.5518396585533507 6.364919683580688
1.0 1.0000000333455976
1.0 1.000000456670415
1.0 1.000001824744455
1.307397205905371 1.3078388614860437
1.0 1.43333740965401
1.4666666665 1.4666704232865275
1.933333333 2.587103911259585
2.048092185966743 2.6766651559882875
1.727272727 3.679332757381984
1.0 1.0000001155932732
6.538865544749999 9.030390773460583
9.601809955 11.694571874125462
10.181578948 12.49434618706724
12.139713226426075 12.65734739911214
1.0 1.4890747869051455
1.4494736844 1.773166636546345
1.235294118 1.9522245326521053
1.0 1.9683864164945852
1.4852941175 1.9743691349256705
1.0 1.9919056603091096
1.0 2.0399594277404227
1.0 2.058765178703387
1.0 2.058765179665981
1.0 2.0856319736989795
1.0 2.123174646488395
1.117647059 2.1576064904192696
1.0 2.174044097361733
1.0 2.1740440973621467
1.270370369962963 2.209080381328981
1.226720647805668 2.226242871177047
1.0 2.2401681681475765
1.3000000002999998 2.299530785236458
1.0 2.321632844682298
1.5158371038552036 2.5157411590295173
1.0 2.516172181004388
1.0 2.5161721810043924
1.476190476 2.594211027313828
1.6533333331 2.6452389868966177
1.6666666669999999 2.658572348722336
1.0 3.343717503149955
1.0 3.4561718039937044
2.0089285715000003 4.062668205826096
3.636015326 4.897809041257516
7.191264094186115 17.069128098745228
6.631280234035552 29.44645765973449
1.0 1.0000073007720978
1.0 1.000007300772106
1.0 1.0000146030956705
1.0 1.000014603095685
1.0 1.0000146030956956
1.0 1.0000292080509887
1.0 1.000029208050994
1.0 1.000467174733508
1.0 1.0009339185812476
1.0 1.0290447056028609
1.202020202020202 1.202055310687558
1.0 1.3333342482203987
2.236567354112707 2.536773693193273
1.0 0.999959055381443
1.0 0.999959055381445
1.0 0.999959055381446
1.0 0.9999590553814496
1.0 0.9999590553814546
1.0 0.9999998436931298
1.0 1.0000000070335824
1.0 1.0000000073576831
1.0 1.000000007879258
1.0 1.0000000084466634
1.0 1.0000000084466656
1.0 1.0000000102138296
1.4666666670000001 1.4666803064705016
2.0 2.0000292177091654
3.0 2.792915102783141
1.0 1.0000000081884877
1.0 1.0000000176302448
1.0 1.0000000176302482
1.0 1.0000000176303
1.0 1.000000031266059
1.0 1.000000059165774
1.0 1.0000000591657752
1.0 1.0000001155932454
1.0 1.000000115593248
1.0 1.0000001155932583
1.0 1.0000001155932718
1.0 1.0000002290762395
1.0 1.00000022907626
1.0 1.0000002290762624
1.0 1.00000045667033
1.0 1.0000146030959651
1.0 1.000029208050986
1.0 1.0000584173099798
1.0 1.0009339185814434
1.0 1.0018661004130809
1.0 1.001866100413082
1.0 1.196251266695827
1.0 1.2083334163727375
1.0 1.5046983093515236
1.0 1.525533053280814
1.0 1.992716754169364
1.999264706 2.542975700254116
2.0611583742961717 2.705082082447364
1.0 1.0000000067701509
1.0 1.0000001155932516
1.0 1.0000002290762453
1.0 1.0000002290762622
1.0 1.0000002290763104
1.0 1.0000004566702925
1.0 1.000000456670385
1.0 1.0000004566704146
1.0 1.1666671992820137
1.6875 1.687500462889894
1.0 1.0000004566702898
1.0 1.0000009124860547
1.0 1.0000009124860645
1.0 1.000058417310203
1.0 1.0002336395445337
1.0787878788969696 1.0826601607600814
1.0 1.3183322892507368
2.0174291939649738 1.3703704893615167
1.0 1.4337398562968435
1.448275862 1.4482831706753174
1.5999999999 1.6000018290591562
1.660633484625 1.660640791274563
1.4999999998021978 1.8184808026380108
2.0 2.0000022814147425
2.325210083857143 2.3293666378501685
1.0 1.0401075456442137
1.50249750211988 1.612593812040415
10.837981665562832 13.981330503402546
14.08768096724262 17.12116060699946
14.929852579819666 20.99354724317472
22.36801569465799 31.85933790917513
24.063348621224105 34.87237774638651
24.179380647102924 38.43541493530247
1.9432539682809524 2.9960891337019904
2.7672609720658308 3.661684064932846
2.0 3.7473910563644313
1.627450980980392 3.938328872941666
2.0 4.031335975270293
2.0 4.130829395589802
2.0481283423208554 4.161766784249204
2.0 4.19261765794048
2.0 4.421753941795198
2.0 4.45422858416355
2.0120048021632657 4.625742128385761
2.129870129948052 5.005673566535331
2.0 5.1169773430001
2.538461538 6.047315856625677
4.009195078190819 6.958184984774274
4.539682539238095 7.833646254511994
174.77532560233405 263.83914452645445
1.0 1.000000006770145
1.0 1.0000000069524797
1.0 1.0000000069524926
1.0 1.000000007033577
1.0 1.0000000176302546
1.0 1.0000000176302717
1.0 1.0000001155932448
1.0 1.0000001155932483
1.0 1.0000001155932767
1.0 1.0000002290762358
1.0 1.0000009124860658
1.0 1.0000018247444522
1.0 1.000001824744457
1.0 1.0000073007720724
1.0 1.0001168313361288
1.0 1.0001168313361657
1.272727273 1.2700383045941854
1.389610389961039 1.779205080731668
1.8125 1.8125076718166784
1.882352941 1.8824705774709125
1.0 1.0000004566703202
1.0 1.0000018247444535
1.0 1.000001824744454
1.0 1.0000018247444569
1.0 1.0000036498842888
1.0 1.00000364988429
1.0 1.000007300772073
1.0 1.0000073007721
1.0 1.0000146030956716
1.0 1.0000146030956958
1.0 1.0000584173098146
1.0 1.0147363551905713
1.0 1.106867080457066
1.1909090908 1.190912742808423
1.0 1.3236922305276198
1.642857143 1.6428589722673987
1.0 1.6568841626913096
1.0 1.0000000312660926
1.0 1.0000000591665326
1.0 1.0000018247444766
1.0 1.0000073007720771
1.0 1.0000292080509885
1.0 1.0000292080510034
1.0 1.0000292080510158
1.0 1.0002336395445277
1.0 1.0002336395445424
1.0 1.0004671747331797
1.17647058825 1.176916731423762
1.0 1.219798032479488
1.3061224491632655 1.3061228441158603
1.357142857 1.3571441917961853
1.4666666670000001 1.4666812732550905
1.5333333329999999 1.5333338509254095
1.7875 2.1956766547424973
2.337697628606472 3.269444594314644
1.0 1.0000000081885174
1.0 1.00000000818852
1.0 1.0000000176302524
1.0 1.000000017630283
1.0 1.000000031266119
1.0 1.0000009124860934
1.0 1.00000182474448
1.0 1.0009339185812665
1.0 1.003725255769753
1.0 1.0037252557698726
1.0 1.0037252557701146
1.2352941174313725 1.235294139209924
1.275862069 1.2760957105745077
1.3714285719428572 1.3723624932570888
1.6352941177 1.6371602225300086
1.7 1.7000000299714186
1.0 2.0009357433264072
1.0 1.0018661004130898
1.0 1.001866100413103
1.0 1.0037252557697685
1.0 1.0564498507642976
1.0 1.056449850764301
1.0 1.05644985076431
1.0 1.106867080457164
1.0 1.1930983190782682
1.0 1.193098319078275
1.18181818175 1.212212499479158
1.2444444445 1.2453786685766042
1.40625 1.513118563222556
1.60357142885 1.6600223809778878
1.3858695650000001 1.809706582927194
1.6190476187539682 1.8121470674359397
1.0551724138 1.8480907311606416
1.6073667710000001 2.0243849534848444
2.168090061836568 2.2276145013082487
1.6470588240000001 2.303943282184016
2.6413272997961537 2.648755760344613
2.6141414144040405 4.117092832784603
3.2673076915 5.205010408561671
1.0 1.000000006952478
1.0 1.0000000070336097
1.0 1.0000000073576776
1.0 1.0000000078743154
1.0 1.0000000078743196
1.0 1.0000000081885063
1.0 1.0000000081885103
1.0 1.0000000111263898
1.0 1.0000000176302457
1.0 1.0000073007721764
1.0 1.000014603095669
1.0 1.0000146030956707
1.0 1.0000146030959756
1.0 1.0000292080509867
1.0 1.0000292080509892
1.5035526320000001 1.5848573489663629
1.6400000000000001 1.6411952167504404
1.4245614030070175 1.7612025552815942
1.0 1.0000000070335984
1.0 1.000000912486053
1.0 1.000003649884297
1.0 1.000007300772071
1.0 1.0000073007720738
1.0 1.0000073007720744
1.0 1.0000073007720809
1.0 1.0000146030956674
1.0 1.0000146030956674
1.0 1.0000146030956694
1.0 1.0000146030956745
1.0 1.0000292080509907
1.0 1.0000584173098197
1.0 1.000116831336149
1.0 1.0018661004131064
1.0 1.1068670804570695
1.13473684224 1.1494732054023835
1.866666667 1.896116257371723
2.0 2.0000075302461715
3.1536449803609026 2.326580377019557
9.076075915286944 11.080724009164486
1.0 1.0000000176306965
1.0 1.0000000312665844
1.0 1.0000004566751144
1.0 1.0000018247444606
1.0 1.000003649884325
1.0 1.000058417309745
1.25 1.2500009128564122
1.4166666668749999 1.4166910250509763
1.0 1.4800004713780075
1.0 1.6039220953305504
1.0 1.000000006770476
1.0 1.0000000081885227
1.0 1.0000000090467045
1.0 1.0000292080509838
1.0 1.000029208050997
1.0 1.0001168313361275
1.0 1.0001168313361597
1.0 1.0002336395445284
1.21 1.210024541351003
1.0 1.7143074893796375
1.428571429 1.7314562148776675
1.727272727 1.768327620574397
1.78868007025 1.7325985560411157
4.570583263229924 4.459621706127411
7.511029408000001 7.162067770502075
9.817259213919522 9.69996138388042
10.926117215346123 10.92316735196322
12.829301944645023 12.129139731763042
11.823351160404043 12.696581269165984
12.59942111650622 14.020927588333087
14.065635639104608 14.203659175878323
13.986705453149579 14.22638749962445
13.504421458248945 14.694157385311822
14.665896283888591 15.060626318883417
25.415043844361865 26.95145921572976
1.0 1.0000001155932527
1.0 1.0000018247444515
1.0 1.0000018247444526
1.0 1.0000018247444575
1.0 1.000007300772073
1.0 1.0000073007720856
1.3428571426 1.3428611053366484
1.67919580425 2.364299872090402
6.946409071752545 13.369856914609366
19.06062776831658 30.994365273558987
23.724350394725995 43.78917278984154
94.1037574358666 160.16065991183802
4.840909091 2.8445436163464626
3.9736842105 2.973738195798167
4.305559924768166 3.305622374430945
4.642857143 3.4867337548520423
4.53599999992 3.536009484165209
4.7980769225 3.798094943542685
4.14453827532653 3.844567677604964
4.9285714292 3.929417034811886
4.933333333 3.933414167900722
6.05882353 4.318572046942203
6.462696618037815 4.951765970192309
6.7267722465931366 5.5766878624755725
7.536813185 6.456500248537758
1.0 1.000003649884287
1.148148148074074 1.1481568338842143
1.1866666665499999 1.1866721363498427
2.073563219 2.0735668794304942
3.3090909080000004 3.329372915206919
10.721176856683291 13.972149514991676
15.7160030770625 19.19042832361601
1.0 1.0000000067701542
1.3214285711875 1.696415428912197
52.18768968583956 71.8848633046047
1.0 1.0000292080510045
1.0 1.0000000312660626
1.0 1.0000000591659592
1.0 1.0000000591710327
1.0 1.0000292080509905
1.0 1.0004671747332188
1.0 1.0004671747332223
1.0 1.000467174733329
1.0 1.000933918581246
1.0 1.0018661004131026
1.0 1.003725255769754
1.25 1.250000464374598
1.0 3.9513657060944127
1.0 1.0000000081885485
1.0 1.0000000312660624
1.0 1.0000001155933058
1.0 1.000014603095709
1.0 1.0002336395445244
1.0 1.06678361998576
1.0 1.279067100773127
1.538461538 1.5389287187243603
1.675324675383117 1.675324944415479
2.4069117650000003 2.4082235608326066
2.5385284205876277 2.539462466433001
26.020589393629862 37.05486744409621
1.0 1.000000017630282
1.0 1.0000000312660646
1.0 1.0000000591657767
1.0 1.0000001155932596
1.0 1.0000001155932814
1.0 1.0000002290762726
1.0 1.0000009124860885
1.0 1.0000009124860902
1.0 1.000000912486131
1.0 1.0000018247451192
1.0 1.0000036498842928
1.0 1.0000036498913327
1.0 1.0000073007720869
1.0 1.0000073007721075
1.0 1.0000073007721155
1.0 1.0000292080510016
1.0 1.0000292080510282
1.0 1.0000584173097815
1.0 1.0002336395521307
1.0 1.0018661004131102
1.0 1.0037252557697849
1.0 1.0037252557702692
1.0 1.3482150370578363
1.4 1.4000016423841468
1.5416666669375 1.5422017475535834
1.0 1.597630109993177
1.0 1.6260881550014852
1.6558704450161943 2.086759770434345
2.008600095525084 2.152585390343877
1.8556149735508023 2.2740755968905098
1.3151216598019482 2.325001393569692
2.2091836733877552 3.035670934863945
1.4049586772231404 1.4049623397689186
1.0 1.0000000067706332
1.0 1.0000000068507438
1.0 1.0000000068630248
1.0 1.0000000070338508
1.0 1.0000000074759854
1.0 1.0000000075664164
1.0 1.0000000078748226
1.0 1.0000000081884943
1.0 1.000000008188534
1.0 1.0000000081886309
1.0 1.0000000081886709
1.0 1.0000000081889877
1.0 1.000000009046784
1.0 1.0000000097804715
1.0 1.0000000111265708
1.0 1.0000000176302632
1.0 1.0000000176302717
1.0 1.0000000176302792
1.0 1.0000000176307438
1.0 1.000000020646205
1.0 1.0000000312665187
1.0 1.0000004566702865
1.0 1.000000456766837
1.0 1.0000009124860547
1.0 1.0000018247444542
1.0 1.0000018247445717
1.0 1.0000034952519938
1.0 1.0504201788164425
1.0 1.1551724275986484
1.2777777779700854 1.2818712178448946
1.249792207844156 1.4335842314530107
1.4395604391098902 1.4399709638979628
1.4499999998 1.4566313680796172
1.5169230766 1.516923091398514
1.727272727 1.7299820121109395
1.9699633692399265 2.665861028182093
1.375 6.052567154090325
1.112781955112782 1.2196506825372582
7.651150031497167 8.812051782164827
6.455604913829277 9.353166483184802
21.286701286330974 26.46474937880507
1.0 1.0000000081884854
1.0 1.0000000081884863
1.0 1.000000011126411
1.0 1.0000000312660775
1.1122807017964913 1.2980644932318706
1.428571429 1.4285964723475937
1.6703296706000001 1.670690967115939
1.692307692 1.6923279199108383
1.0 1.7200000934409965
1.757155035841432 1.757219619857589
1.764705882 1.7647505610128325
2.2541666671875 2.260603710897518
1.0 1.0001168313364373
1.0 1.1333625425387746
1.0 1.214519355483105
1.0 1.323646246263002
1.0 1.6522031283073206
1.0458333335625 1.8772643137695528
1.0 2.000000068823987
1.6285714281809525 2.628069457652758
1.9385281384380952 3.258317585291603
2.264624183196487 4.209099679298478
2.15000000015 4.300689824727054
2.751988636690909 4.824126326985366
3.171875 5.406524772484726
4.384615385 5.815054564099104
4.699633699064103 6.46644187498583
4.733333333019048 6.518495667329006
4.842105263 6.851909139889297
3.5538461552571428 7.019821531740281
5.229166667 7.063792175730836
5.3 8.228198523277808
5.3636363639999995 8.270233498737301
5.0 8.351081074150136
5.515463822713626 8.370032664293811
5.0 8.380982639319578
5.0 8.380982639319608
5.0 8.411620863715013
4.834678360977778 8.41883964891956
5.10714285725 8.645760691278932
5.625 8.715774350892467
4.1 8.80868565403451
5.664359861937716 9.01546034074486
5.214285714 9.02852792265306
5.0 9.03935931554872
6.171826625 9.160844293692625
5.0 10.538048402236283
5.0 10.691368067277974
5.0 10.74626449554761
5.582024114641944 10.836920763438618
5.76171875 11.1691565789421
5.146191810281112 11.272062171905867
5.3124999998749995 11.5516836442629
5.0 11.826043053464456
1.0 1.0004671747332068
1.0 1.0004671747332132
1.0 1.0009339185812445
1.0 1.0009339185812507
1.0 1.0018661004130789
1.0 1.1068670804570786
1.0 1.1068670804572736
1.0 1.193098319078415
1.0 1.3236922305276642
1.24 1.608038361405075
1.0 1.6568841626912465
1.0 1.6568841626912492
1.0 1.65688416269125
1.0 1.656884162691252
1.0 1.656884162691301
1.3793103447002653 1.6874941091487563
1.6875 1.6884740804817036
1.0 1.792915094336376
1.0 1.792915094336376
1.0 1.7929150943363772
1.0 1.79291509433638
1.0 1.7929150943363816
1.0 1.792915094336386
1.0 2.0653734586541828
1.0 2.3130699677962347
1.6695652173 2.554064782165867
1.0 2.6702129878927567
1.3852813851948051 3.736558054846078
2.5066666669999997 4.366789920352587
1.0 1.9997533686685016
1.8128851539243698 2.266420044648957
2.0 4.290019261295025
2.6857142872571425 4.41230434550118
3.751847290875 6.014626209623373
17.437374454695252 17.659056619774585
19.299999999999997 22.14738488998443
18.90312736065739 23.828081325833523
34.24557558311947 44.86683986292795
33.12094442309793 48.95383431101767
39.823428407136525 58.855992447944864
43.96921441220077 59.86607089720393
42.86048384585 63.73431361811343
49.999728134039074 67.53452630338319
39.8020729519282 69.9837566735015
61.377084701371196 78.24196703833006
76.91097925105704 110.3939741127665
5.480291583912088 5.947239726764179
34.70636109299135 43.12768038278109
50.858222656638766 75.33024706473218
64.34872915952573 97.49982818233488
1.0 1.0000000067701451
1.0 1.0000000067719546
1.0 1.00000000787432
1.0 1.000000017630453
1.0 1.0000000312660589
1.0 1.000000059165775
1.0 1.0000000591657765
1.0 1.0000001155932454
1.0 1.0000001155932474
1.0 1.000000229076238
1.0 1.0000002290762802
1.0 1.0000009124860525
1.0 1.0000009124860605
1.0 1.0000146030956738
1.0 1.0000146030956747
1.0 1.0000584173097289
1.0 1.0213062396337569
1.0 1.1167025710707723
1.135746606443439 1.1357545432155758
1.2285714286571428 1.214062842883432
1.4405594401118882 1.4405723256247305
1.4861111115 1.486147418278412
1.428571429 1.8095253874667976
2.104347826284058 2.390043583496744
2.9797385622 4.004811059908999
1.3333333330000001 1.3333339491225047
2.883695651915942 2.887453050765392
21.00071691325114 24.657149610129167
59.53748309371336 76.67587238924867
13.217161243388446 22.018987000736107
19.289730765679998 32.80262021043556
25.040476186608338 42.773783732880666
40.72872172807703 76.03299633066834
1.0 1.000029208051859
1.0 1.0004671841766974
1.0 1.0037252557698044
1.0 1.007422866697717
1.0 1.014736355190577
1.0 1.0290447056028127
1.0 1.0564498507642908
1.0 1.0564498507643056
1.0 1.193098319078271
1.15476190475 1.2112117567816023
1.3136771949495798 1.3215108592275668
1.0 1.3236922305275491
1.0 1.4890747868951273
1.0 1.4890747868951313
1.0 1.4890747868951426
1.0 1.4890747868963978
1.350649350987013 1.5067533747533253
1.2000000002 1.5236922323652755
1.3859649121929825 1.5790632344317386
1.6298076925 1.6302747870109418
1.0 1.6568841626912514
1.76988095187 1.828213769205089
1.0 1.8904981425551088
2.0 2.001866217252377
2.0528074863850265 2.074944079161846
1.517094016905983 2.2251675927030874
1.9633149809635468 2.247974129602737
2.2314124681289047 2.2760654064353734
2.0626970788644896 2.3271344304606565
2.4791208785 2.49581222344403
4.571969696781818 4.7535076176299285
3.2821780296197116 4.792991639920909
3.9971086601404657 5.029430783879725
2.8602040819602044 5.371609808549257
5.40291775026966 5.475048676594923
6.624240513808988 8.270863480835146
1.0 1.000000017630276
1.0 1.0000002290762344
1.0 1.0000009124860587
1.0 1.0000036498842866
1.0 1.000007300772075
1.0 1.000029208050993
1.3095238093571429 1.309524863193525
2.0229215229949498 2.0292032950556327
1.8583333331 2.201750869662723
2.1333333335 2.40557282984108
3.0 4.00914815567177
4.1793478259375 4.958131280600042
4.263157895 5.434340839219921
1.0 1.000000006770179
1.0 1.00000000677776
1.0 1.000000007033576
1.0 1.0000000081885343
1.0 1.0000000081887164
1.0 1.0000000176302517
1.0 1.0000000176302772
1.0 1.0000000591657836
1.0 1.000000059165808
1.0 1.000000115593248
1.0 1.000000115593258
1.0 1.000000456670291
1.0 1.0000000069524952
1.0 1.0000000069525017
1.0 1.0000000069525026
1.0 1.0000000070335755
1.0 1.0000000070335768
1.0 1.0000000073576782
1.0 1.000000008188484
1.0 1.0000000081884883
1.0 1.0000000081885276
1.0 1.0000000111264358
1.0 1.0000000176302442
1.0 1.000000017630245
1.0 1.0000000591657734
1.0 1.0000002290762402
1.0 1.0000004566703362
1.0 1.0000292080509876
1.0 1.0851646824878998
1.3619909507466064 1.400675877931152
1.4616596640625001 1.461659726478853
1.495238095157143 1.495245335357158
1.793939393547879 1.802267928828164
1.0 1.0000000073577615
1.0 1.000000008188482
1.0 1.0000000081884823
1.0 1.0000000081884992
1.0 1.0000000096584007
1.0 1.0000000111263931
1.058333333625 1.0583334497268204
1.2448979592448979 1.2448988633318223
1.3671328669160838 1.3671329621443349
1.56875 1.5687832345040549
1.5944272445201237 1.5944294231574814
1.608695651743083 1.609831546307972
1.636363636125 1.6372759077133487
1.7053660629800915 1.8474053885069812
2.0915966391 2.0929251597707683
1.6205128201179486 3.0781717300745024
3.597824096056825 3.753533658440828
3.7543429096195577 4.378664747005486
1.0 1.0000146030959722
1.0 1.0000146030960302
1.0 1.0000292080513251
1.0 1.0001168313361262
1.0 1.000116831336129
1.0 1.0001168313361293
1.0 1.000116831336152
1.0 1.0001168313361626
1.6492753628637682 1.0001168313361637
1.0 1.0004671747331817
1.0 1.0004671747332003
1.0 1.0009339185812438
1.0 1.0018661004130769
1.0 1.0018661004130784
1.0 1.0018661004131124
1.0 1.0147363551908428
1.0 1.0290447056028025
1.0 1.0290447056028025
1.0 1.0290447056028051
1.0 1.0290447056028116
1.0 1.029044705602864
1.0 1.02904470560292
1.058823529 1.1176380941651902
1.129310345 1.1311764464313327
1.1461038959480518 1.169087794261035
1.4886877826289593 1.552339110135711
1.9090909090000001 1.92382892304952
2.0 2.003727080514929
2.3674242421390694 2.0749286199657964
1.0 1.0000000591657785
1.0 1.0000000591657872
1.0 1.0000036498842992
1.0 1.0000036498843177
1.0 1.000003649884324
1.0 1.000007300772093
1.0 1.0000292080510118
1.0 1.0000292080510311
1.0 1.5333644876559922
1.3719806763840579 1.7010553856134274
1.133333333 1.8257114948256392
1.0 1.0074228666977316
1.0 1.0074228666977372
1.0 1.007422866697739
1.0 1.0290447056028047
1.0 1.0290447056028094
1.0 1.056449850764305
1.4411764704999999 1.456118932190473
1.6666666669999999 1.6685327728721142
1.6712121211000002 1.7002600176004017
1.0 1.0000000067705457
1.0 1.0000000081884823
1.0 1.0000000081884852
1.0 1.0000000081884854
1.0 1.000000008188498
1.0 1.0000000111263792
1.0 1.000000017630262
1.0 1.000000017630264
1.0 1.0000000312660555
1.0 1.0000018247444775
1.0 1.0000073007720782
1.125 1.1250000255755568
1.4355555557111113 1.4482097884847311
1.5050505054040406 1.505168961844371
1.8 1.801493337000768
1.8769230774999999 1.9451259873768367
1.5 2.0000002908862937
1.9115384614625 2.1612716390952755
2.3954470130788508 2.6065417368285284
2.555555555311111 3.148682158899988
1.9199999993999999 1.920015140077628
1.947368421 1.947482181024213
7.014586394006993 7.841978384019093
8.33672995138067 15.06064638276074
44.76403766625701 58.936495529736256
1.0 1.00000003126616
2.333333333761905 2.3333342997526896
2.8056818173030305 5.059598171784637
9.040396157130802 12.094420418520349
11.329970189886785 12.14105648781038
1.0 1.0000000312660606
1.0 1.000000059165847
1.0 1.000000115593246
1.0 1.0000001155932474
1.0 1.0000002290795615
1.0 1.0000004566702874
1.0 1.000000456670316
1.0 1.0000018247444558
1.0 1.0000018247444589
1.0 1.0000018247444609
1.0 1.0000584173097535
1.0 1.0009339185812411
1.0454545455 1.045461847073449
1.1904761904761905 1.1904993565500792
1.76923077 1.3847968923343197
1.4 1.4000000618741006
1.612244897612245 1.612318251746123
1.6190476189999998 1.6196259881506363
1.705882353 1.7059657346645023
1.72 1.7201686771423488
1.722222222 1.7222231410201607
1.0 1.8571446912813816
1.2181818184 1.8800721930668465
1.546875 1.9061103512162327
1.0 2.3077215268384887
1.933333333 2.506507998864443
1.0 2.549794954711078
1.0 3.5231340892041105
4.023668638600592 2.179626448895249
3.9449275353159416 4.293595130673983
3.9215686274542483 4.593153045842074
5.658974359 5.503573754260669
5.0 6.327515701180469
11.661491841 13.799301914933377
19.585014595327596 26.61196310382081
37.872470523758054 51.05534818099448
1.0 1.0000000312661026
1.0 1.0000018247444795
1.0 1.0004671747331884
1.0 1.0009339185812791
1.0 1.0009339185817638
1.0 1.001866100413101
1.0 1.003725255769785
1.0 1.007422866697711
1.2000000001 1.2000000100978248
1.2142857145 1.2143003666834458
1.4375 1.4393664996275906
1.6847826085 1.6851098224045302
3.2647071692888887 4.554142218275417
1.0 1.0000073007720738
1.0 1.0001168313361302
2.7788461525521977 2.779488495884064
2.801081730875 2.8067974317667383
3.319047619984127 3.3188064437302653
3.6288888896111113 3.6320419748934696
3.7325000002 3.733943913981279
3.3907707833000003 4.0110286517745095
3.922405731108974 4.595636155821096
16.406652661 18.043321385952023
17.884087062042056 20.974939864499564
49.31728359937457 80.23034026375416
57.211516129149 87.09455164063512
50.48499049319437 88.42733949644371
65.43950860825595 100.48334835881676
1.0 1.0000000070335748
1.0 1.0000002290762473
1.0 1.000000912486081
1.0 1.0000018247444522
1.0 1.0000036498842897
1.0 1.0000073007720796
1.762791374625 1.229495675876607
1.0 1.5333644959320705
1.5499999997499998 1.550258770597596
2.0 2.000116839782899
1.866666667 2.5725623792901877
1.0 1.0000000176302613
1.0 1.0000000591658031
1.0 1.0000001155932794
1.0 1.0000004566703191
1.0 1.000000456670331
1.0 1.0000073007720789
1.0 1.0000146030956754
1.0 1.0000292080510982
1.0 1.2603555165643985
1.583333333625 1.5833334602201885
1.6153846156410256 1.6153849142991683
1.705882353 1.705882369034056
2.0 2.0000584243432944
2.570707071616883 2.5707077602003565
2.965909645099878 2.965965995511926
1.0 1.0000146030956747
1.0 1.000029208050987
1.0 1.0000292080509945
1.0 1.0000584173097156
1.0 1.0000603540360529
1.0 1.000075967452159
1.0 1.0001168313361617
1.0 1.0002336395445262
1.0 1.000233639544528
1.0 1.000233639544548
1.0 1.0002336395445517
1.0 1.000233639544646
1.0 1.000933918581257
1.0 1.0919003896266088
1.1848739499243697 1.1851183893076864
1.3977272731250001 1.4009131891999784
1.4117647060624998 1.4150548201309516
1.4491228066526316 1.4972360811024308
1.6707832927599768 1.712268792168906
1.4846153842 1.968478822742965
1.6769230768 2.012878665101514
3.066666666342857 2.233113911096764
1.7411764703500001 2.2719088076945475
2.415427708902715 3.030820345006336
1.0 1.0000001155932496
1.0 1.0000001155932556
1.0 1.0000001155932707
1.0 1.0000004566779062
1.0 1.0000036498842868
1.0 1.0000036498842908
1.0 1.193965923567066
1.933333333 1.933333568943412
1.5 1.0002336395445566
1.20454545475 1.0004671747332048
1.0 1.000467174733216
1.0 1.0009339185812505
1.0 1.000933918581251
1.0 1.0009339185813064
1.0 1.003725255769799
1.24 1.3468679564295654
1.0 1.4890747868951273
1.0 1.4890747868951282
1.6190476196428571 1.6755019899327868
1.0 1.884498343080384
1.0 1.9387098109186875
1.0 1.9387098109186904
1.0 1.9387098109187
1.0 1.938709810918796
1.0 1.93870981091922
1.0 1.968386416494504
1.0 1.968386416494518
1.0 1.968386416494524
1.0 1.9683864164948996
1.0 1.983939827794409
1.0 1.98393982779444
1.324675324961039 2.9925654569661666
2.1264285715 4.808987209900243
1.3058823528 1.3058823782554898
1.19047619 2.350170663375141
1.9197808126731404 2.3865567680248456
2.1076612785476962 3.729509796472906
33.667724552266705 49.70242153976043
1.0 1.0000000111263965
1.0 1.0000000312660906
1.0 1.0000009124860558
1.1142857144 1.1142857867764522
2.227272727 3.1401886058836355
1.0 1.0000009124860558
1.0 1.144233788076782
1.1587301585079366 1.158732019613697
1.0 1.4060734581429453
1.4285714288809523 1.4286882631185918
1.5142857139 1.5143443660687246
1.9466666672 2.1554111288615694
2.238095238157143 2.238097120727041
3.397058823886555 4.830867043505809
2.0 0.8655900903126178
2.0 0.8655900903126199
2.0 0.8655900903126652
2.0 0.9999590553814738
2.0 0.99999984369308
2.0 1.0000000067701451
2.0 1.0000000070335806
2.0 1.0000000073576756
2.0 1.0000000073577082
2.0 1.0000000073577082
2.0 1.000000008446675
2.0 1.000000008832041
2.0 1.0000000090466967
2.0 1.0000000090466972
2.0 1.0000000096606212
2.0 1.0000000096630492
2.0 1.0000000102377076
2.0096153846 1.009616515335942
2.0 1.1025642965227522
2.2285714288 1.2285714381346404
2.3928571425625 1.2591803437513789
2.0 1.273200273662193
2.0808823530625 1.320545301039474
2.5869565217018633 1.5863204141154836
2.866666667 1.869895229035296
2.933333333 1.9333341920113392
3.4995893089387753 2.499433499897608
3.3992237087694566 2.7367696863669604
1.0 1.0002336395445894
1.0 1.0009339185812498
1.0 1.0018661004131186
1.1833333333 1.4677379234154837
1.79891304325 1.5001628991164475
1.424242423581818 1.5346674106905034
1.0 1.9989845654763116
1.0 1.9994957352588327
1.0 1.999753368668351
2.947216948101063 2.7952170428787797
2.6021978017641025 3.159247685906217
1.9860962559490196 3.2787425309864897
2.846153846 3.414719459130408
2.67391304325 3.708630052571962
3.9707792209 4.146792179742432
2.75 4.291262244354405
3.727272726 4.536681251362156
2.1713935583669466 4.832703170683731
3.7510504202499995 6.6286251189087295
7.812115618787035 11.763658579354756
9.62250047707792 18.04069379489819
13.843009222762756 24.82152935984044
19.40682246471581 34.50455455457042
19.18796071846393 35.1756793021066
1.0 1.000003649884288
1.0 1.00000364988429
1.0 1.0000146030957413
1.0 1.000029208051066
1.0 1.0000584173097848
1.0 1.0018661004130849
1.6571095569785839 1.6571134113714403
1.0 1.840010317849252
1.0 1.193098319078316
1.0 1.8844983430804132
1.0 1.9387098109191103
2.141741071625 6.740053527954092
35.77599772844822 58.908860110200806
122.90486340177813 205.5460064339881
423.4449472407988 739.6063970131919
4.0 3.002079897419515
4.0 3.0037174044390347
4.0 3.0107128000159458
4.0 3.128963295176744
4.0 3.1648712829348624
4.156862745411765 3.285828331270185
4.0 3.387580499239297
4.488888888911111 3.6537744513362047
4.133333333419047 3.710574127677866
4.362649115971041 3.831406280391625
4.828947368375 3.8328584476915446
4.6315789472 4.024149975097016
5.071428571 4.69434264136422
5.2916666668125 5.143081760194876
7.3015837104572405 9.54552554010125
5.095238095 33.86263928953474
1.0 1.0000000070335815
1.0 1.000000007033598
1.0 1.0000000073577084
1.0 1.0000002290762366
1.0 1.000000912486057
1.0 1.0000018247444755
1.0 1.0000036498842888
1.0 1.0000036498843006
1.0 1.00000730077207
1.0 1.0000073007720762
1.0 1.000007300772085
1.0 1.0000073007720938
1.0 1.000007300772101
1.0 1.00001460309567
1.0 1.0000146030956705
1.0 1.0000292080509865
1.0 1.0000584173097258
1.136363636 1.1363729281032962
1.0 1.1731601905428022
1.0 1.269736830533582
1.272727273 1.2727856924572845
1.0 1.2909430851313464
1.615384616 1.4785760640772707
1.5789473680000001 1.5790835454854384
1.6722689075882353 1.6722726351822903
1.5969387759183675 2.124944737234274
2.548076923 2.5679816262800768
2.852173913408696 3.328407313879574
1.0 1.1068670804575511
1.5232267733831168 1.5859649946089849
1.0 1.9683864164945488
1.0 1.99593747476802
1.0 1.9979662527568864
1.0 1.9979662528750783
1.0 1.9989845654762792
1.0 1.9989845654763048
1.0 1.998984565476644
1.0 1.9994957352588507
1.0 1.9997533686683544
1.0 1.9998850149848957
1.0 1.9998850149849607
1.0 1.999955021900563
1.0 1.9999550219005635
1.0 1.9999550219005733
1.0 1.99999628595556
1.0902255640902256 2.089722616921633
1.0 2.1462015483261987
1.4301470590625 2.5116851343410875
1.846153846 2.623620228224468
2.2410714287499998 2.9598401462988333
2.105128205205128 3.69031832976329
1.0 1.0000000176304935
1.0 1.0000000312660813
1.0 1.0000036498842868
1.0 1.000003649884289
1.0 1.0000036498842897
1.0 1.00000364988429
1.0 1.0000036498843166
1.0 1.0000073007720702
1.1588235295 1.1588235620166871
1.2807017548070176 1.2807017882834153
1.0 1.6753296169010643
5.2624927149121214 5.782696063281565
9.161716523549238 10.382683029208854
20.71020851798192 29.294153781695712
1.176470588 2.175619962637463
1.192307692 2.1904535444837534
1.3568965517499998 2.503841875382669
1.5333333329999999 2.5333131520293177
1.6875 2.6926586150628857
1.6844444438888888 2.722065796079163
1.6666666669999999 2.737664756008748
1.8 2.800946457372763
1.8 2.8030065097415795
1.816666666375 2.818145670279344
1.846153846 2.846434162682187
1.9090909090000001 2.9604052410998136
2.0 3.007377888598324
1.6875 3.0596365710797166
1.947368421 3.091031608052328
2.0 3.09993801721836
2.0 3.208384350751137
2.362637362934066 3.358744259667829
2.5269436445 3.532575054724401
2.5306122447687076 3.587088642973623
2.642857143 3.676757126341402
2.875 3.8787219413118175
1.7878787881030305 4.0934057362295775
3.09182883739916 4.213362699047837
3.002941176625 4.2354957539325
2.4166666665 4.426369956240669
3.194423223616883 4.578238149141956
3.0 4.702277394902071
3.674357925494666 4.942683174170042
3.511111111288889 5.383972426385216
3.989490968236453 5.390059277683874
5.018859680992837 6.339462932131209
5.811855509805079 6.622577111695303
5.461541089996548 7.939376652016429
5.953130343233803 8.24863566593511
1.0 1.0000000312660615
1.0 1.0000018247444626
1.0 1.3956062234940156
2.4727272724000002 4.853479853123591
7.910622711016117 8.346162537593967
13.14820653351772 17.313944020747556
11.769234816004047 18.7016045277805
17.65588501748998 27.097558667480616
16.9233193282 27.61108909298459
19.82464349213199 31.93645270534522
27.50733230731556 38.2531028306938
55.814943040755 94.10477523730952
113.64508410558246 158.16499015965633
7.454545455090909 6.399237379211203
7.2586206896875 7.642655573599465
7.454545454103896 7.976336324765199
7.55058823504 8.394176282713351
7.638218924130102 8.523137348307753
10.0 8.723379276730244
8.6875 8.792188758496799
8.6434782604 8.852174695860352
8.08496732039899 8.991628703105565
8.909090909 9.034349738053049
8.228571429 9.114476011133725
9.0 9.320098105013663
8.403174603461904 9.620001513865644
9.843623603928238 9.62546527279171
9.843094405 10.077358019379814
1.0 1.0000000176319193
2.7636591698459054 3.7913084104796257
9.2019836560729 11.639667363648073
10.344389919278143 14.285466512861568
31.04302832458704 40.471210187264056
1.0 1.0000073007721009
1.0 1.0000073007721058
1.0 1.0000146030956738
1.0 1.0000146030956822
1.0 1.000014603095686
1.0 1.00002920805099
1.0 1.0000292080509914
1.0 1.0000292080510182
1.0 1.0000584173097178
1.0 1.0000584173097298
1.0 1.000116831336133
1.0 1.0002336395445248
1.0 1.0002336395445257
1.0 1.0004671747331817
1.0 1.000467174733182
1.0 1.001866100413082
1.0 1.007422866697712
1.0 1.0564498507642732
1.0 1.1068670804570615
1.0 1.106867080457064
1.1285714287 1.1295055818912676
1.1403508771929824 1.141285051878729
1.1168831171168832 1.144110429788469
1.0 1.1930983190782614
1.0 1.22341963534399
1.4897959179183673 1.489825129374646
1.0 1.7956861055531417
1.6902097906 1.8268646878566976
76.9028160355473 138.49378156842846
